145.439538855544
141.984502867385
138.480232783773
134.69693061607
130.37384181087
125.357764396315
119.465388667318
112.279578768934
103.618371471976
93.4742029531717
82.348523910519
71.2103160614568
61.425676631608
54.1168780613628
49.4798694497607
46.9257205025486
45.6458903504714
45.040922821288
44.7631183572754
44.6372287102053
44.580628209865
44.555249959916
44.5438863466501
44.5388011725195
44.5365262014428
44.5355085643093
44.5350533810235
44.5348497851073
44.5347587210334
44.534717990231
44.534699772348
44.5346916239464
44.5346879793726
44.5346863492472
44.5346856201336
44.5346852940197
44.5346851481572
44.5346850829166
44.5346850537362
44.5346850406845
44.5346850348469
44.5346850322358
44.5346850310679
44.5346850305456
44.5346850303119
44.5346850302075
44.5346850301607
44.5346850301398
44.5346850301304
44.5346850301263
44.5346850301244
44.5346850301235
44.5346850301232
44.534685030123
44.5346850301229
44.5346850301229
44.5346850301229
44.5346850301229
44.5346850301229
44.5346850301229
44.5346850301229
44.5346850301229
44.5346850301229
44.5346850301229
44.5346850301229
44.5346850301229
44.5346850301229
44.5346850301229
44.5346850301229
44.5346850301229
44.5346850301229
44.5346850301229
44.5346850301229
44.5346850301229
44.5346850301229
44.5346850301229
44.5346850301229
44.5346850301229
44.5346850301229
44.5346850301229
44.5346850301229
44.5346850301229
44.5346850301229
44.5346850301229
44.5346850301229
44.5346850301229
44.5346850301229
44.5346850301229
44.5346850301229
44.5346850301229
44.5346850301229
44.5346850301229
44.5346850301229
44.5346850301229
44.5346850301229
44.5346850301229
44.5346850301229
44.5346850301229
44.5346850301229
44.5346850301229
0.834797891036907
0.840070298769772
0.83128295254833
0.843585237258348
0.873462214411248
0.959578207381371
0.949033391915642
0.957820738137083
0.789103690685413
